import pandas as pd
from sklearn.cross_validation import train_test_split

data2 = {"city 1 [x1]": [45, 40, 45, 40, 35, 30,  36,5,34.5,30.3,0.2,0.1,0.09,0.08,0.001,0.001,0.0001,0.0001,0.00001,0.000001],
        "city 2 [x2]": [25 ,24.9, 24.8, 24.6, 24.3, 24.1, 24,10 ,29.9, 27.8, 7.6, 7.3, 7.1, 7.05,0.001,0.001,0.0001,0.0001,0.00001,0.000001],
        "city 3 [x3]": [35, 31, 35, 30, 35, 32,  37, 35,35.4,30.3,0.3,0.1,0.1,0.08,0.001,0.001,0.0001,0.0001,0.00001,0.000001],
        "city 4 [x4]": [54.5 ,54.4, 54.8, 54.6, 44.3, 44.1, 43,10 ,49.5, 47.2, 7.6, 7.3, 7.1, 7.05,0.001,0.001,0.0001,0.0001,0.00001,0.000001],
        "city 5 [x5]": [79, 70, 75, 72, 65, 60,  65, 63,62.5,60.3,10.2,10.1,10.09,10.08,0.001,0.001,0.0001,0.0001,0.00001,0.000001],
        "city 6 [x6]": [58 ,54.9, 54.8, 54.6, 32.3, 32.1, 32,10 ,39.9, 33.8, 3.6, 3.3, 3.1, 3.05,0.001,0.001,0.0001,0.0001,0.00001,0.000001],
        "city 7 [x7]": [32, 30, 25, 20, 25, 20,  24,23.8,23.4,20.3,0.3,0.1,0.1,0.02,0.001,0.001,0.0001,0.0001,0.00001,0.000001],
        "city 8 [x8]": [58 ,54.9, 54.8, 54.6, 34.3, 34.1, 32,11 ,39.9, 37.8, 37.6, 7.3, 7.1, 7.05,0.001,0.001,0.0001,0.0001,0.00001,0.000001],
        "city 9 [x9]": [33 ,29.9, 29.8, 29.6, 29.3, 29.1, 25.05,21.8,21.4,19.3,9.3,9.1,9.1,8.01,0.001,0.001,0.0001,0.0001,0.00001,0.000001],
        "city 10 [x10]": [35 ,34.9, 34.8, 34.6, 24.3, 24.1, 22,21.8,21.4,28.3,8.3,8.1,8.1,8.01,0.001,0.001,0.0001,0.0001,0.00001,0.000001],
        "house class [y]": [1,1,1,1,1,1,1,1,1,1,-1,-1,-1,-1,-1,-1,-1,-1,-1,-1]}

house_df2 = pd.DataFrame(data2)

def split_dataset(X,y,my_test_size):
    X_train, X_test, y_train, y_test = train_test_split(X, y, test_size=my_test_size)
    return X_train, X_test, y_train, y_test